(kicad_pcb (version 20171130) (host pcbnew "(5.0.2)-1")

  (general
    (thickness 1.6)
    (drawings 16)
    (tracks 376)
    (zones 0)
    (modules 77)
    (nets 121)
  )

  (page A4)
  (layers
    (0 F.Cu signal)
    (31 B.Cu signal)
    (32 B.Adhes user)
    (33 F.Adhes user)
    (34 B.Paste user)
    (35 F.Paste user)
    (36 B.SilkS user)
    (37 F.SilkS user)
    (38 B.Mask user)
    (39 F.Mask user)
    (40 Dwgs.User user)
    (41 Cmts.User user)
    (42 Eco1.User user)
    (43 Eco2.User user)
    (44 Edge.Cuts user)
    (45 Margin user)
    (46 B.CrtYd user)
    (47 F.CrtYd user)
    (48 B.Fab user)
    (49 F.Fab user)
  )

  (setup
    (last_trace_width 0.254)
    (user_trace_width 0.254)
    (user_trace_width 0.3048)
    (user_trace_width 0.4572)
    (user_trace_width 0.6096)
    (user_trace_width 0.762)
    (user_trace_width 1.016)
    (trace_clearance 0.2)
    (zone_clearance 0.254)
    (zone_45_only no)
    (trace_min 0.2)
    (segment_width 0.2)
    (edge_width 0.15)
    (via_size 0.8)
    (via_drill 0.4)
    (via_min_size 0.4)
    (via_min_drill 0.3)
    (uvia_size 0.3)
    (uvia_drill 0.1)
    (uvias_allowed no)
    (uvia_min_size 0.2)
    (uvia_min_drill 0.1)
    (pcb_text_width 0.3)
    (pcb_text_size 1.5 1.5)
    (mod_edge_width 0.15)
    (mod_text_size 1 1)
    (mod_text_width 0.15)
    (pad_size 0.6 0.25)
    (pad_drill 0)
    (pad_to_mask_clearance 0.051)
    (solder_mask_min_width 0.25)
    (aux_axis_origin 0 0)
    (visible_elements 7FFFFFFF)
    (pcbplotparams
      (layerselection 0x010fc_ffffffff)
      (usegerberextensions false)
      (usegerberattributes false)
      (usegerberadvancedattributes false)
      (creategerberjobfile false)
      (excludeedgelayer true)
      (linewidth 0.100000)
      (plotframeref false)
      (viasonmask false)
      (mode 1)
      (useauxorigin false)
      (hpglpennumber 1)
      (hpglpenspeed 20)
      (hpglpendiameter 15.000000)
      (psnegative false)
      (psa4output false)
      (plotreference true)
      (plotvalue true)
      (plotinvisibletext false)
      (padsonsilk false)
      (subtractmaskfromsilk false)
      (outputformat 1)
      (mirror false)
      (drillshape 1)
      (scaleselection 1)
      (outputdirectory ""))
  )

  (net 0 "")
  (net 1 GND)
  (net 2 PR_CP_3V3)
  (net 3 "Net-(C4-Pad1)")
  (net 4 V_BAT_OUT)
  (net 5 V_CHG_OUT)
  (net 6 PR_3V3_BB)
  (net 7 "Net-(C13-Pad1)")
  (net 8 "Net-(C14-Pad1)")
  (net 9 V_BAT_IN)
  (net 10 "Net-(C18-Pad1)")
  (net 11 "Net-(C19-Pad2)")
  (net 12 "Net-(C20-Pad2)")
  (net 13 /PIC32/VCAP)
  (net 14 /USB_SERIAL/USB_D-)
  (net 15 /USB_SERIAL/USB_D+)
  (net 16 /USB_SERIAL/TX_LED_AL)
  (net 17 "Net-(D2-Pad2)")
  (net 18 "Net-(D3-Pad2)")
  (net 19 /USB_SERIAL/RX_LED_AL)
  (net 20 "Net-(D4-Pad2)")
  (net 21 "/CHARG CNTR/PG_AL")
  (net 22 "/CHARG CNTR/LBO_AL")
  (net 23 "Net-(D5-Pad2)")
  (net 24 "/CHARG CNTR/CHG_DN_AL")
  (net 25 "Net-(D6-Pad2)")
  (net 26 "Net-(D7-Pad2)")
  (net 27 "Net-(D8-Pad2)")
  (net 28 "Net-(J1-Pad4)")
  (net 29 "Net-(J2-Pad20)")
  (net 30 "Net-(J2-Pad19)")
  (net 31 /PIC32/IM0)
  (net 32 /PIC32/IM1)
  (net 33 /PIC32/IM2)
  (net 34 /PIC32/IM3)
  (net 35 /PIC32/X-)
  (net 36 /PIC32/Y-)
  (net 37 /PIC32/X+)
  (net 38 /PIC32/Y+)
  (net 39 /PIC32/TFT_RESET)
  (net 40 /PIC32/TFT_DC)
  (net 41 /PIC32/TFT_SS)
  (net 42 /PIC32/TFT_SDO)
  (net 43 /PIC32/TFT_SDI)
  (net 44 /PIC32/TFT_SCK)
  (net 45 "Net-(J2-Pad3)")
  (net 46 "Net-(J3-Pad6)")
  (net 47 /PIC32/PGC1)
  (net 48 /PIC32/PGD1)
  (net 49 /PIC32/MCLR)
  (net 50 "Net-(JP1-Pad1)")
  (net 51 /IMU/PS0)
  (net 52 "Net-(JP2-Pad2)")
  (net 53 /IMU/PS1)
  (net 54 "Net-(L1-Pad1)")
  (net 55 "Net-(L1-Pad2)")
  (net 56 "Net-(R1-Pad2)")
  (net 57 "Net-(R4-Pad1)")
  (net 58 "Net-(R5-Pad1)")
  (net 59 "Net-(R6-Pad2)")
  (net 60 "Net-(R8-Pad1)")
  (net 61 V_USB_BUS)
  (net 62 /BUCK/BOOST/PG)
  (net 63 /BUCK/BOOST/EN)
  (net 64 /BUCK/BOOST/FB)
  (net 65 "Net-(R18-Pad2)")
  (net 66 "Net-(R19-Pad2)")
  (net 67 "Net-(R20-Pad2)")
  (net 68 "Net-(R23-Pad2)")
  (net 69 GPS_RX)
  (net 70 "Net-(R24-Pad2)")
  (net 71 "Net-(R25-Pad2)")
  (net 72 GPS_TX)
  (net 73 /GPS/FIX_AH)
  (net 74 SCL)
  (net 75 SDA)
  (net 76 "Net-(U1-Pad24)")
  (net 77 "Net-(U1-Pad23)")
  (net 78 "Net-(U1-Pad22)")
  (net 79 DEB_RX)
  (net 80 DEB_TX)
  (net 81 DEB_CTS)
  (net 82 DEB_RTS)
  (net 83 "Net-(U1-Pad17)")
  (net 84 "Net-(U1-Pad15)")
  (net 85 /USB_SERIAL/CP_GPIO_2)
  (net 86 /USB_SERIAL/CP_GPIO_3)
  (net 87 "Net-(U1-Pad10)")
  (net 88 "Net-(U1-Pad1)")
  (net 89 /GPS/V_BACK)
  (net 90 "Net-(U6-Pad6)")
  (net 91 "Net-(U6-Pad7)")
  (net 92 /GPS/ANT)
  (net 93 "Net-(U6-Pad13)")
  (net 94 "Net-(U6-Pad14)")
  (net 95 "Net-(U6-Pad15)")
  (net 96 "Net-(U6-Pad16)")
  (net 97 "Net-(U6-Pad17)")
  (net 98 "Net-(U6-Pad18)")
  (net 99 "Net-(U6-Pad20)")
  (net 100 "Net-(U8-Pad27)")
  (net 101 "Net-(U8-Pad13)")
  (net 102 /PIC32/U2_CTS)
  (net 103 "Net-(U8-Pad11)")
  (net 104 "Net-(U8-Pad6)")
  (net 105 /PIC32/U2_RTS)
  (net 106 "Net-(U8-Pad3)")
  (net 107 "Net-(U4-Pad9)")
  (net 108 "Net-(U4-Pad11)")
  (net 109 BAT_FUEL_GP)
  (net 110 "Net-(U4-Pad4)")
  (net 111 "Net-(U5-Pad14)")
  (net 112 "Net-(U5-Pad13)")
  (net 113 "Net-(U5-Pad12)")
  (net 114 "Net-(U5-Pad8)")
  (net 115 "Net-(U5-Pad7)")
  (net 116 "Net-(U5-Pad21)")
  (net 117 "Net-(U5-Pad22)")
  (net 118 "Net-(U5-Pad23)")
  (net 119 "Net-(U5-Pad24)")
  (net 120 "Net-(U5-Pad1)")

  (net_class Default "This is the default net class."
    (clearance 0.2)
    (trace_width 0.25)
    (via_dia 0.8)
    (via_drill 0.4)
    (uvia_dia 0.3)
    (uvia_drill 0.1)
    (add_net /BUCK/BOOST/EN)
    (add_net /BUCK/BOOST/FB)
    (add_net /BUCK/BOOST/PG)
    (add_net "/CHARG CNTR/CHG_DN_AL")
    (add_net "/CHARG CNTR/LBO_AL")
    (add_net "/CHARG CNTR/PG_AL")
    (add_net /GPS/ANT)
    (add_net /GPS/FIX_AH)
    (add_net /GPS/V_BACK)
    (add_net /IMU/PS0)
    (add_net /IMU/PS1)
    (add_net /PIC32/IM0)
    (add_net /PIC32/IM1)
    (add_net /PIC32/IM2)
    (add_net /PIC32/IM3)
    (add_net /PIC32/MCLR)
    (add_net /PIC32/PGC1)
    (add_net /PIC32/PGD1)
    (add_net /PIC32/TFT_DC)
    (add_net /PIC32/TFT_RESET)
    (add_net /PIC32/TFT_SCK)
    (add_net /PIC32/TFT_SDI)
    (add_net /PIC32/TFT_SDO)
    (add_net /PIC32/TFT_SS)
    (add_net /PIC32/U2_CTS)
    (add_net /PIC32/U2_RTS)
    (add_net /PIC32/VCAP)
    (add_net /PIC32/X+)
    (add_net /PIC32/X-)
    (add_net /PIC32/Y+)
    (add_net /PIC32/Y-)
    (add_net /USB_SERIAL/CP_GPIO_2)
    (add_net /USB_SERIAL/CP_GPIO_3)
    (add_net /USB_SERIAL/RX_LED_AL)
    (add_net /USB_SERIAL/TX_LED_AL)
    (add_net /USB_SERIAL/USB_D+)
    (add_net /USB_SERIAL/USB_D-)
    (add_net BAT_FUEL_GP)
    (add_net DEB_CTS)
    (add_net DEB_RTS)
    (add_net DEB_RX)
    (add_net DEB_TX)
    (add_net GND)
    (add_net GPS_RX)
    (add_net GPS_TX)
    (add_net "Net-(C13-Pad1)")
    (add_net "Net-(C14-Pad1)")
    (add_net "Net-(C18-Pad1)")
    (add_net "Net-(C19-Pad2)")
    (add_net "Net-(C20-Pad2)")
    (add_net "Net-(C4-Pad1)")
    (add_net "Net-(D2-Pad2)")
    (add_net "Net-(D3-Pad2)")
    (add_net "Net-(D4-Pad2)")
    (add_net "Net-(D5-Pad2)")
    (add_net "Net-(D6-Pad2)")
    (add_net "Net-(D7-Pad2)")
    (add_net "Net-(D8-Pad2)")
    (add_net "Net-(J1-Pad4)")
    (add_net "Net-(J2-Pad19)")
    (add_net "Net-(J2-Pad20)")
    (add_net "Net-(J2-Pad3)")
    (add_net "Net-(J3-Pad6)")
    (add_net "Net-(JP1-Pad1)")
    (add_net "Net-(JP2-Pad2)")
    (add_net "Net-(L1-Pad1)")
    (add_net "Net-(L1-Pad2)")
    (add_net "Net-(R1-Pad2)")
    (add_net "Net-(R18-Pad2)")
    (add_net "Net-(R19-Pad2)")
    (add_net "Net-(R20-Pad2)")
    (add_net "Net-(R23-Pad2)")
    (add_net "Net-(R24-Pad2)")
    (add_net "Net-(R25-Pad2)")
    (add_net "Net-(R4-Pad1)")
    (add_net "Net-(R5-Pad1)")
    (add_net "Net-(R6-Pad2)")
    (add_net "Net-(R8-Pad1)")
    (add_net "Net-(U1-Pad1)")
    (add_net "Net-(U1-Pad10)")
    (add_net "Net-(U1-Pad15)")
    (add_net "Net-(U1-Pad17)")
    (add_net "Net-(U1-Pad22)")
    (add_net "Net-(U1-Pad23)")
    (add_net "Net-(U1-Pad24)")
    (add_net "Net-(U4-Pad11)")
    (add_net "Net-(U4-Pad4)")
    (add_net "Net-(U4-Pad9)")
    (add_net "Net-(U5-Pad1)")
    (add_net "Net-(U5-Pad12)")
    (add_net "Net-(U5-Pad13)")
    (add_net "Net-(U5-Pad14)")
    (add_net "Net-(U5-Pad21)")
    (add_net "Net-(U5-Pad22)")
    (add_net "Net-(U5-Pad23)")
    (add_net "Net-(U5-Pad24)")
    (add_net "Net-(U5-Pad7)")
    (add_net "Net-(U5-Pad8)")
    (add_net "Net-(U6-Pad13)")
    (add_net "Net-(U6-Pad14)")
    (add_net "Net-(U6-Pad15)")
    (add_net "Net-(U6-Pad16)")
    (add_net "Net-(U6-Pad17)")
    (add_net "Net-(U6-Pad18)")
    (add_net "Net-(U6-Pad20)")
    (add_net "Net-(U6-Pad6)")
    (add_net "Net-(U6-Pad7)")
    (add_net "Net-(U8-Pad11)")
    (add_net "Net-(U8-Pad13)")
    (add_net "Net-(U8-Pad27)")
    (add_net "Net-(U8-Pad3)")
    (add_net "Net-(U8-Pad6)")
    (add_net PR_3V3_BB)
    (add_net PR_CP_3V3)
    (add_net SCL)
    (add_net SDA)
    (add_net V_BAT_IN)
    (add_net V_BAT_OUT)
    (add_net V_CHG_OUT)
    (add_net V_USB_BUS)
  )

  (module Housings_LGA:LGA-28_5.2x3.8mm_Pitch0.5mm (layer F.Cu) (tedit 59881E8C) (tstamp 5CA983FD)
    (at 132.195 95.796 270)
    (descr "LGA 28 5.2x3.8mm Pitch 0.5mm")
    (tags "LGA 28 5.2x3.8mm Pitch 0.5mm")
    (path /5CAC0FA8/5CAC0FD4)
    (attr smd)
    (fp_text reference U5 (at 0 -3.25 270) (layer F.SilkS)
      (effects (font (size 1 1) (thickness 0.15)))
    )
    (fp_text value BNO055 (at 0 3.3 270) (layer F.Fab)
      (effects (font (size 1 1) (thickness 0.15)))
    )
    (fp_text user %R (at 0 0 270) (layer F.Fab)
      (effects (font (size 1.1 1.1) (thickness 0.11)))
    )
    (fp_line (start 2.6 -1.9) (end -2.1 -1.9) (layer F.Fab) (width 0.1))
    (fp_line (start 2.6 1.9) (end 2.6 -1.9) (layer F.Fab) (width 0.1))
    (fp_line (start -2.6 1.9) (end 2.6 1.9) (layer F.Fab) (width 0.1))
    (fp_line (start -2.6 -1.4) (end -2.6 1.9) (layer F.Fab) (width 0.1))
    (fp_line (start -2.71 2.01) (end -2.45 2.01) (layer F.SilkS) (width 0.12))
    (fp_line (start -2.71 2.01) (end -2.71 1.75) (layer F.SilkS) (width 0.12))
    (fp_line (start -2.71 -2.01) (end -2.45 -2.01) (layer F.SilkS) (width 0.12))
    (fp_line (start 2.71 2.01) (end 2.45 2.01) (layer F.SilkS) (width 0.12))
    (fp_line (start 2.71 2.01) (end 2.71 1.75) (layer F.SilkS) (width 0.12))
    (fp_line (start 2.71 -2.01) (end 2.45 -2.01) (layer F.SilkS) (width 0.12))
    (fp_line (start 2.71 -2.01) (end 2.71 -1.75) (layer F.SilkS) (width 0.12))
    (fp_line (start 2.98 -2.25) (end -2.98 -2.25) (layer F.CrtYd) (width 0.05))
    (fp_line (start 2.98 2.25) (end 2.98 -2.25) (layer F.CrtYd) (width 0.05))
    (fp_line (start -2.98 2.25) (end 2.98 2.25) (layer F.CrtYd) (width 0.05))
    (fp_line (start -2.98 -2.25) (end -2.98 2.25) (layer F.CrtYd) (width 0.05))
    (fp_line (start -2.6 -1.4) (end -2.1 -1.9) (layer F.Fab) (width 0.1))
    (pad 16 smd rect (at 2.3875 0.75) (size 0.254 0.675) (layers F.Cu F.Paste F.Mask)
      (net 1 GND))
    (pad 17 smd rect (at 2.3875 0.25) (size 0.254 0.675) (layers F.Cu F.Paste F.Mask)
      (net 1 GND))
    (pad 18 smd rect (at 2.3875 -0.25) (size 0.254 0.675) (layers F.Cu F.Paste F.Mask)
      (net 1 GND))
    (pad 15 smd rect (at 2.25 1.6625 270) (size 0.254 0.675) (layers F.Cu F.Paste F.Mask)
      (net 1 GND))
    (pad 14 smd rect (at 1.75 1.6625 270) (size 0.254 0.675) (layers F.Cu F.Paste F.Mask)
      (net 111 "Net-(U5-Pad14)"))
    (pad 13 smd rect (at 1.25 1.6625 270) (size 0.254 0.675) (layers F.Cu F.Paste F.Mask)
      (net 112 "Net-(U5-Pad13)"))
    (pad 12 smd rect (at 0.75 1.6625 270) (size 0.254 0.675) (layers F.Cu F.Paste F.Mask)
      (net 113 "Net-(U5-Pad12)"))
    (pad 11 smd rect (at 0.25 1.6625 270) (size 0.254 0.675) (layers F.Cu F.Paste F.Mask)
      (net 67 "Net-(R20-Pad2)"))
    (pad 10 smd rect (at -0.25 1.6625 270) (size 0.254 0.675) (layers F.Cu F.Paste F.Mask)
      (net 1 GND))
    (pad 9 smd rect (at -0.75 1.6625 270) (size 0.254 0.675) (layers F.Cu F.Paste F.Mask)
      (net 10 "Net-(C18-Pad1)"))
    (pad 8 smd rect (at -1.25 1.6625 270) (size 0.254 0.675) (layers F.Cu F.Paste F.Mask)
      (net 114 "Net-(U5-Pad8)"))
    (pad 7 smd rect (at -1.75 1.6625 270) (size 0.254 0.675) (layers F.Cu F.Paste F.Mask)
      (net 115 "Net-(U5-Pad7)"))
    (pad 20 smd rect (at 2.25 -1.6625 270) (size 0.254 0.675) (layers F.Cu F.Paste F.Mask)
      (net 75 SDA))
    (pad 21 smd rect (at 1.75 -1.6625 270) (size 0.254 0.675) (layers F.Cu F.Paste F.Mask)
      (net 116 "Net-(U5-Pad21)"))
    (pad 22 smd rect (at 1.25 -1.6625 270) (size 0.254 0.675) (layers F.Cu F.Paste F.Mask)
      (net 117 "Net-(U5-Pad22)"))
    (pad 23 smd rect (at 0.75 -1.6625 270) (size 0.254 0.675) (layers F.Cu F.Paste F.Mask)
      (net 118 "Net-(U5-Pad23)"))
    (pad 24 smd rect (at 0.25 -1.6625 270) (size 0.254 0.675) (layers F.Cu F.Paste F.Mask)
      (net 119 "Net-(U5-Pad24)"))
    (pad 25 smd rect (at -0.25 -1.6625 270) (size 0.254 0.675) (layers F.Cu F.Paste F.Mask)
      (net 1 GND))
    (pad 26 smd rect (at -0.75 -1.6625 270) (size 0.254 0.675) (layers F.Cu F.Paste F.Mask)
      (net 11 "Net-(C19-Pad2)"))
    (pad 27 smd rect (at -1.25 -1.6625 270) (size 0.254 0.675) (layers F.Cu F.Paste F.Mask)
      (net 12 "Net-(C20-Pad2)"))
    (pad 28 smd rect (at -1.75 -1.6625 270) (size 0.254 0.675) (layers F.Cu F.Paste F.Mask)
      (net 6 PR_3V3_BB))
    (pad 5 smd rect (at -2.3875 0.75) (size 0.254 0.675) (layers F.Cu F.Paste F.Mask)
      (net 53 /IMU/PS1))
    (pad 4 smd rect (at -2.3875 0.25) (size 0.254 0.675) (layers F.Cu F.Paste F.Mask)
      (net 66 "Net-(R19-Pad2)"))
    (pad 3 smd rect (at -2.3875 -0.25) (size 0.254 0.675) (layers F.Cu F.Paste F.Mask)
      (net 6 PR_3V3_BB))
    (pad 1 smd rect (at -2.25 -1.6625 270) (size 0.254 0.675) (layers F.Cu F.Paste F.Mask)
      (net 120 "Net-(U5-Pad1)"))
    (pad 2 smd rect (at -2.3875 -0.75) (size 0.254 0.675) (layers F.Cu F.Paste F.Mask)
      (net 1 GND))
    (pad 6 smd rect (at -2.25 1.6625 270) (size 0.254 0.675) (layers F.Cu F.Paste F.Mask)
      (net 51 /IMU/PS0))
    (pad 19 smd rect (at 2.3875 -0.75) (size 0.254 0.675) (layers F.Cu F.Paste F.Mask)
      (net 74 SCL))
    (model ${KISYS3DMOD}/Housings_LGA.3dshapes/LGA-28_5.2x3.8mm_Pitch0.5mm.wrl
      (at (xyz 0 0 0))
      (scale (xyz 1 1 1))
      (rotate (xyz 0 0 0))
    )
  )

  (module Housings_SON:Texas_S-PDSO-N12 (layer F.Cu) (tedit 58D1493A) (tstamp 5CA983CC)
    (at 114.395001 29.160001)
    (descr http://www.ti.com/lit/ds/symlink/bq27441-g1.pdf)
    (tags "SON thermal pads")
    (path /5CABFDCF/5CABE1F8)
    (attr smd)
    (fp_text reference U4 (at -0.000701 -2.517393) (layer F.SilkS)
      (effects (font (size 1 1) (thickness 0.15)))
    )
    (fp_text value BQ27441-G1 (at -0.000701 2.852607) (layer F.Fab)
      (effects (font (size 1 1) (thickness 0.15)))
    )
    (fp_line (start -2.6 1.83) (end 2.61 1.83) (layer F.CrtYd) (width 0.05))
    (fp_line (start 2.61 1.82) (end 2.61 -1.83) (layer F.CrtYd) (width 0.05))
    (fp_line (start -2.6 1.83) (end -2.6 -1.83) (layer F.CrtYd) (width 0.05))
    (fp_line (start -2.6 -1.83) (end 2.61 -1.83) (layer F.CrtYd) (width 0.05))
    (fp_line (start -2.000701 -0.417393) (end -1.120701 -1.297393) (layer F.Fab) (width 0.1))
    (fp_line (start 2.1 -1.4) (end 2.1 -1.25) (layer F.SilkS) (width 0.12))
    (fp_line (start -2.1 1.4) (end -2.1 1.25) (layer F.SilkS) (width 0.12))
    (fp_line (start -1.5 1.4) (end -2.1 1.4) (layer F.SilkS) (width 0.12))
    (fp_line (start -2.000701 -0.417393) (end -2 1.3) (layer F.Fab) (width 0.1))
    (fp_line (start -2 1.3) (end 2 1.3) (layer F.Fab) (width 0.1))
    (fp_line (start 0.7 -1.4) (end -0.7 -1.4) (layer F.SilkS) (width 0.12))
    (fp_line (start 0.7 1.4) (end -0.7 1.4) (layer F.SilkS) (width 0.12))
    (fp_line (start 1.5 -1.4) (end 2.1 -1.4) (layer F.SilkS) (width 0.12))
    (fp_line (start 2.1 1.4) (end 1.5 1.4) (layer F.SilkS) (width 0.12))
    (fp_line (start -1.120701 -1.297393) (end 1.999299 -1.297393) (layer F.Fab) (width 0.1))
    (fp_line (start 2 1.3) (end 1.999299 -1.297393) (layer F.Fab) (width 0.1))
    (fp_line (start -1.500701 -1.397393) (end -2.400701 -1.397393) (layer F.SilkS) (width 0.12))
    (fp_line (start 2.1 1.4) (end 2.1 1.25) (layer F.SilkS) (width 0.12))
    (fp_text user %R (at -0.000701 0.002607) (layer F.Fab)
      (effects (font (size 1 1) (thickness 0.15)))
    )
    (pad 13 smd rect (at -1.1 1.365 270) (size 0.575 0.4) (layers F.Cu F.Paste F.Mask)
      (net 1 GND))
    (pad 13 smd rect (at -1.1 -1.365 270) (size 0.575 0.4) (layers F.Cu F.Paste F.Mask)
      (net 1 GND))
    (pad 13 smd rect (at 1.1 -1.365 270) (size 0.575 0.4) (layers F.Cu F.Paste F.Mask)
      (net 1 GND))
    (pad 13 smd rect (at 1.1 1.365 270) (size 0.575 0.4) (layers F.Cu F.Paste F.Mask)
      (net 1 GND))
    (pad 13 smd rect (at 0.65 0.4875 90) (size 0.975 1.3) (layers F.Cu F.Paste)
      (net 1 GND) (solder_paste_margin -0.1))
    (pad 13 smd rect (at -0.65 0.4875 90) (size 0.975 1.3) (layers F.Cu F.Paste)
      (net 1 GND) (solder_paste_margin -0.1))
    (pad 13 smd rect (at -0.65 -0.4875 90) (size 0.975 1.3) (layers F.Cu F.Paste)
      (net 1 GND) (solder_paste_margin -0.1))
    (pad 13 smd rect (at 0.65 -0.4875 90) (size 0.975 1.3) (layers F.Cu F.Paste)
      (net 1 GND) (solder_paste_margin -0.1))
    (pad 13 smd rect (at 0 0 270) (size 1.95 2.6) (layers B.Cu F.Mask)
      (net 1 GND))
    (pad 13 thru_hole circle (at 0 0.5) (size 0.6 0.6) (drill 0.3) (layers *.Cu)
      (net 1 GND))
    (pad 13 thru_hole circle (at 0 -0.5) (size 0.6 0.6) (drill 0.3) (layers *.Cu)
      (net 1 GND))
    (pad 13 thru_hole circle (at -0.9 -0.5) (size 0.6 0.6) (drill 0.3) (layers *.Cu)
      (net 1 GND))
    (pad 13 thru_hole circle (at 0.9 -0.5) (size 0.6 0.6) (drill 0.3) (layers *.Cu)
      (net 1 GND))
    (pad 13 thru_hole circle (at 0.9 0.5) (size 0.6 0.6) (drill 0.3) (layers *.Cu)
      (net 1 GND))
    (pad 13 thru_hole circle (at -0.9 0.5) (size 0.6 0.6) (drill 0.3) (layers *.Cu)
      (net 1 GND))
    (pad 7 smd rect (at 2.3 1) (size 0.2 0.2) (layers F.Cu F.Paste F.Mask)
      (net 4 V_BAT_OUT) (solder_mask_margin 0.05))
    (pad 8 smd rect (at 2.3 0.6) (size 0.2 0.2) (layers F.Cu F.Paste F.Mask)
      (net 9 V_BAT_IN) (solder_mask_margin 0.05))
    (pad 9 smd rect (at 2.3 0.2) (size 0.2 0.2) (layers F.Cu F.Paste F.Mask)
      (net 107 "Net-(U4-Pad9)") (solder_mask_margin 0.05))
    (pad 10 smd rect (at 2.3 -0.2) (size 0.2 0.2) (layers F.Cu F.Paste F.Mask)
      (net 65 "Net-(R18-Pad2)") (solder_mask_margin 0.05))
    (pad 11 smd rect (at 2.3 -0.6) (size 0.2 0.2) (layers F.Cu F.Paste F.Mask)
      (net 108 "Net-(U4-Pad11)") (solder_mask_margin 0.05))
    (pad 12 smd rect (at 2.3 -1) (size 0.2 0.2) (layers F.Cu F.Paste F.Mask)
      (net 109 BAT_FUEL_GP) (solder_mask_margin 0.05))
    (pad 1 smd rect (at -2.3 -1) (size 0.2 0.2) (layers F.Cu F.Paste F.Mask)
      (net 75 SDA) (solder_mask_margin 0.05))
    (pad 2 smd rect (at -2.3 -0.6) (size 0.2 0.2) (layers F.Cu F.Paste F.Mask)
      (net 74 SCL) (solder_mask_margin 0.05))
    (pad 6 smd rect (at -2.3 1) (size 0.2 0.2) (layers F.Cu F.Paste F.Mask)
      (net 9 V_BAT_IN) (solder_mask_margin 0.05))
    (pad 5 smd rect (at -2.3 0.6) (size 0.2 0.2) (layers F.Cu F.Paste F.Mask)
      (net 8 "Net-(C14-Pad1)") (solder_mask_margin 0.05))
    (pad 4 smd rect (at -2.3 0.2) (size 0.2 0.2) (layers F.Cu F.Paste F.Mask)
      (net 110 "Net-(U4-Pad4)") (solder_mask_margin 0.05))
    (pad 7 smd oval (at 1.975 1) (size 0.85 0.2) (layers F.Cu F.Paste F.Mask)
      (net 4 V_BAT_OUT) (solder_mask_margin 0.05))
    (pad 8 smd oval (at 1.975 0.6) (size 0.85 0.2) (layers F.Cu F.Paste F.Mask)
      (net 9 V_BAT_IN) (solder_mask_margin 0.05))
    (pad 9 smd oval (at 1.975 0.2) (size 0.85 0.2) (layers F.Cu F.Paste F.Mask)
      (net 107 "Net-(U4-Pad9)") (solder_mask_margin 0.05))
    (pad 10 smd oval (at 1.975 -0.2) (size 0.85 0.2) (layers F.Cu F.Paste F.Mask)
      (net 65 "Net-(R18-Pad2)") (solder_mask_margin 0.05))
    (pad 11 smd oval (at 1.975 -0.6) (size 0.85 0.2) (layers F.Cu F.Paste F.Mask)
      (net 108 "Net-(U4-Pad11)") (solder_mask_margin 0.05))
    (pad 12 smd oval (at 1.975 -1) (size 0.85 0.2) (layers F.Cu F.Paste F.Mask)
      (net 109 BAT_FUEL_GP) (solder_mask_margin 0.05))
    (pad 6 smd oval (at -1.975 1) (size 0.85 0.2) (layers F.Cu F.Paste F.Mask)
      (net 9 V_BAT_IN) (solder_mask_margin 0.05))
    (pad 5 smd oval (at -1.975 0.6) (size 0.85 0.2) (layers F.Cu F.Paste F.Mask)
      (net 8 "Net-(C14-Pad1)") (solder_mask_margin 0.05))
    (pad 4 smd oval (at -1.975 0.2) (size 0.85 0.2) (layers F.Cu F.Paste F.Mask)
      (net 110 "Net-(U4-Pad4)") (solder_mask_margin 0.05))
    (pad 1 smd oval (at -1.975 -1) (size 0.85 0.2) (layers F.Cu F.Paste F.Mask)
      (net 75 SDA) (solder_mask_margin 0.05))
    (pad 2 smd oval (at -1.975 -0.6) (size 0.85 0.2) (layers F.Cu F.Paste F.Mask)
      (net 74 SCL) (solder_mask_margin 0.05))
    (pad 3 smd oval (at -1.975 -0.2) (size 0.85 0.2) (layers F.Cu F.Paste F.Mask)
      (net 1 GND) (solder_mask_margin 0.05))
    (pad 3 smd rect (at -2.3 -0.2) (size 0.2 0.2) (layers F.Cu F.Paste F.Mask)
      (net 1 GND) (solder_mask_margin 0.05))
    (pad 13 smd rect (at -1.1 -1.3125 270) (size 0.675 0.4) (layers F.Cu F.Mask)
      (net 1 GND))
    (pad 13 smd rect (at 1.1 -1.3125 270) (size 0.675 0.4) (layers F.Cu F.Mask)
      (net 1 GND))
    (pad 13 smd rect (at 1.1 1.3125 270) (size 0.675 0.4) (layers F.Cu F.Mask)
      (net 1 GND))
    (pad 13 smd rect (at -1.1 1.3125 270) (size 0.675 0.4) (layers F.Cu F.Mask)
      (net 1 GND))
    (pad 13 smd rect (at 0 0 270) (size 1.95 2.6) (layers F.Cu F.Mask)
      (net 1 GND))
    (model ${KISYS3DMOD}/Housings_SON.3dshapes/Texas_S-PDSO-N12.wrl
      (at (xyz 0 0 0))
      (scale (xyz 1 1 1))
      (rotate (xyz 0 0 0))
    )
  )

  (module Capacitors_SMD:C_0805 (layer F.Cu) (tedit 58AA8463) (tstamp 5CA91BAC)
    (at 165.481 85.836 270)
    (descr "Capacitor SMD 0805, reflow soldering, AVX (see smccp.pdf)")
    (tags "capacitor 0805")
    (path /5CA82A28/5CA830E9)
    (attr smd)
    (fp_text reference C1 (at -2.905 0 270) (layer F.SilkS)
      (effects (font (size 1 1) (thickness 0.15)))
    )
    (fp_text value .1uF (at -3.54 0 270) (layer F.Fab)
      (effects (font (size 1 1) (thickness 0.15)))
    )
    (fp_text user %R (at 0 -1.5 270) (layer F.Fab)
      (effects (font (size 1 1) (thickness 0.15)))
    )
    (fp_line (start -1 0.62) (end -1 -0.62) (layer F.Fab) (width 0.1))
    (fp_line (start 1 0.62) (end -1 0.62) (layer F.Fab) (width 0.1))
    (fp_line (start 1 -0.62) (end 1 0.62) (layer F.Fab) (width 0.1))
    (fp_line (start -1 -0.62) (end 1 -0.62) (layer F.Fab) (width 0.1))
    (fp_line (start 0.5 -0.85) (end -0.5 -0.85) (layer F.SilkS) (width 0.12))
    (fp_line (start -0.5 0.85) (end 0.5 0.85) (layer F.SilkS) (width 0.12))
    (fp_line (start -1.75 -0.88) (end 1.75 -0.88) (layer F.CrtYd) (width 0.05))
    (fp_line (start -1.75 -0.88) (end -1.75 0.87) (layer F.CrtYd) (width 0.05))
    (fp_line (start 1.75 0.87) (end 1.75 -0.88) (layer F.CrtYd) (width 0.05))
    (fp_line (start 1.75 0.87) (end -1.75 0.87) (layer F.CrtYd) (width 0.05))
    (pad 1 smd rect (at -1 0 270) (size 1 1.25) (layers F.Cu F.Paste F.Mask)
      (net 61 V_USB_BUS))
    (pad 2 smd rect (at 1 0 270) (size 1 1.25) (layers F.Cu F.Paste F.Mask)
      (net 1 GND))
    (model Capacitors_SMD.3dshapes/C_0805.wrl
      (at (xyz 0 0 0))
      (scale (xyz 1 1 1))
      (rotate (xyz 0 0 0))
    )
  )

  (module Capacitors_SMD:C_0805 (layer F.Cu) (tedit 58AA8463) (tstamp 5CA91BBD)
    (at 167.767 85.836 270)
    (descr "Capacitor SMD 0805, reflow soldering, AVX (see smccp.pdf)")
    (tags "capacitor 0805")
    (path /5CA82A28/5CA83137)
    (attr smd)
    (fp_text reference C2 (at -2.778 -0.127 270) (layer F.SilkS)
      (effects (font (size 1 1) (thickness 0.15)))
    )
    (fp_text value 10uF (at -3.667 0 270) (layer F.Fab)
      (effects (font (size 1 1) (thickness 0.15)))
    )
    (fp_line (start 1.75 0.87) (end -1.75 0.87) (layer F.CrtYd) (width 0.05))
    (fp_line (start 1.75 0.87) (end 1.75 -0.88) (layer F.CrtYd) (width 0.05))
    (fp_line (start -1.75 -0.88) (end -1.75 0.87) (layer F.CrtYd) (width 0.05))
    (fp_line (start -1.75 -0.88) (end 1.75 -0.88) (layer F.CrtYd) (width 0.05))
    (fp_line (start -0.5 0.85) (end 0.5 0.85) (layer F.SilkS) (width 0.12))
    (fp_line (start 0.5 -0.85) (end -0.5 -0.85) (layer F.SilkS) (width 0.12))
    (fp_line (start -1 -0.62) (end 1 -0.62) (layer F.Fab) (width 0.1))
    (fp_line (start 1 -0.62) (end 1 0.62) (layer F.Fab) (width 0.1))
    (fp_line (start 1 0.62) (end -1 0.62) (layer F.Fab) (width 0.1))
    (fp_line (start -1 0.62) (end -1 -0.62) (layer F.Fab) (width 0.1))
    (fp_text user %R (at 0 -1.5 270) (layer F.Fab)
      (effects (font (size 1 1) (thickness 0.15)))
    )
    (pad 2 smd rect (at 1 0 270) (size 1 1.25) (layers F.Cu F.Paste F.Mask)
      (net 1 GND))
    (pad 1 smd rect (at -1 0 270) (size 1 1.25) (layers F.Cu F.Paste F.Mask)
      (net 61 V_USB_BUS))
    (model Capacitors_SMD.3dshapes/C_0805.wrl
      (at (xyz 0 0 0))
      (scale (xyz 1 1 1))
      (rotate (xyz 0 0 0))
    )
  )

  (module Capacitors_SMD:C_0805 (layer F.Cu) (tedit 58AA8463) (tstamp 5CA91BCE)
    (at 170.053 85.868 90)
    (descr "Capacitor SMD 0805, reflow soldering, AVX (see smccp.pdf)")
    (tags "capacitor 0805")
    (path /5CA82A28/5CA8316F)
    (attr smd)
    (fp_text reference C3 (at 2.81 0 90) (layer F.SilkS)
      (effects (font (size 1 1) (thickness 0.15)))
    )
    (fp_text value 10uF (at 3.699 0 90) (layer F.Fab)
      (effects (font (size 1 1) (thickness 0.15)))
    )
    (fp_text user %R (at 0 -1.5 90) (layer F.Fab)
      (effects (font (size 1 1) (thickness 0.15)))
    )
    (fp_line (start -1 0.62) (end -1 -0.62) (layer F.Fab) (width 0.1))
    (fp_line (start 1 0.62) (end -1 0.62) (layer F.Fab) (width 0.1))
    (fp_line (start 1 -0.62) (end 1 0.62) (layer F.Fab) (width 0.1))
    (fp_line (start -1 -0.62) (end 1 -0.62) (layer F.Fab) (width 0.1))
    (fp_line (start 0.5 -0.85) (end -0.5 -0.85) (layer F.SilkS) (width 0.12))
    (fp_line (start -0.5 0.85) (end 0.5 0.85) (layer F.SilkS) (width 0.12))
    (fp_line (start -1.75 -0.88) (end 1.75 -0.88) (layer F.CrtYd) (width 0.05))
    (fp_line (start -1.75 -0.88) (end -1.75 0.87) (layer F.CrtYd) (width 0.05))
    (fp_line (start 1.75 0.87) (end 1.75 -0.88) (layer F.CrtYd) (width 0.05))
    (fp_line (start 1.75 0.87) (end -1.75 0.87) (layer F.CrtYd) (width 0.05))
    (pad 1 smd rect (at -1 0 90) (size 1 1.25) (layers F.Cu F.Paste F.Mask)
      (net 2 PR_CP_3V3))
    (pad 2 smd rect (at 1 0 90) (size 1 1.25) (layers F.Cu F.Paste F.Mask)
      (net 1 GND))
    (model Capacitors_SMD.3dshapes/C_0805.wrl
      (at (xyz 0 0 0))
      (scale (xyz 1 1 1))
      (rotate (xyz 0 0 0))
    )
  )

  (module Capacitors_SMD:C_0805 (layer F.Cu) (tedit 58AA8463) (tstamp 5CA91BDF)
    (at 156.083 92.059 270)
    (descr "Capacitor SMD 0805, reflow soldering, AVX (see smccp.pdf)")
    (tags "capacitor 0805")
    (path /5CA82A28/5CA86408)
    (attr smd)
    (fp_text reference C4 (at 2.778 0.127 270) (layer F.SilkS)
      (effects (font (size 1 1) (thickness 0.15)))
    )
    (fp_text value 10uF (at 0 1.75 270) (layer F.Fab)
      (effects (font (size 1 1) (thickness 0.15)))
    )
    (fp_text user %R (at 0 -1.5 270) (layer F.Fab)
      (effects (font (size 1 1) (thickness 0.15)))
    )
    (fp_line (start -1 0.62) (end -1 -0.62) (layer F.Fab) (width 0.1))
    (fp_line (start 1 0.62) (end -1 0.62) (layer F.Fab) (width 0.1))
    (fp_line (start 1 -0.62) (end 1 0.62) (layer F.Fab) (width 0.1))
    (fp_line (start -1 -0.62) (end 1 -0.62) (layer F.Fab) (width 0.1))
    (fp_line (start 0.5 -0.85) (end -0.5 -0.85) (layer F.SilkS) (width 0.12))
    (fp_line (start -0.5 0.85) (end 0.5 0.85) (layer F.SilkS) (width 0.12))
    (fp_line (start -1.75 -0.88) (end 1.75 -0.88) (layer F.CrtYd) (width 0.05))
    (fp_line (start -1.75 -0.88) (end -1.75 0.87) (layer F.CrtYd) (width 0.05))
    (fp_line (start 1.75 0.87) (end 1.75 -0.88) (layer F.CrtYd) (width 0.05))
    (fp_line (start 1.75 0.87) (end -1.75 0.87) (layer F.CrtYd) (width 0.05))
    (pad 1 smd rect (at -1 0 270) (size 1 1.25) (layers F.Cu F.Paste F.Mask)
      (net 3 "Net-(C4-Pad1)"))
    (pad 2 smd rect (at 1 0 270) (size 1 1.25) (layers F.Cu F.Paste F.Mask)
      (net 1 GND))
    (model Capacitors_SMD.3dshapes/C_0805.wrl
      (at (xyz 0 0 0))
      (scale (xyz 1 1 1))
      (rotate (xyz 0 0 0))
    )
  )

  (module Capacitors_SMD:C_0805 (layer F.Cu) (tedit 58AA8463) (tstamp 5CA91BF0)
    (at 152.162 74.422 180)
    (descr "Capacitor SMD 0805, reflow soldering, AVX (see smccp.pdf)")
    (tags "capacitor 0805")
    (path /5CA97B79/5CA9AD78)
    (attr smd)
    (fp_text reference C5 (at 0 -1.5 180) (layer F.SilkS)
      (effects (font (size 1 1) (thickness 0.15)))
    )
    (fp_text value 10uF (at 0 1.75 180) (layer F.Fab)
      (effects (font (size 1 1) (thickness 0.15)))
    )
    (fp_line (start 1.75 0.87) (end -1.75 0.87) (layer F.CrtYd) (width 0.05))
    (fp_line (start 1.75 0.87) (end 1.75 -0.88) (layer F.CrtYd) (width 0.05))
    (fp_line (start -1.75 -0.88) (end -1.75 0.87) (layer F.CrtYd) (width 0.05))
    (fp_line (start -1.75 -0.88) (end 1.75 -0.88) (layer F.CrtYd) (width 0.05))
    (fp_line (start -0.5 0.85) (end 0.5 0.85) (layer F.SilkS) (width 0.12))
    (fp_line (start 0.5 -0.85) (end -0.5 -0.85) (layer F.SilkS) (width 0.12))
    (fp_line (start -1 -0.62) (end 1 -0.62) (layer F.Fab) (width 0.1))
    (fp_line (start 1 -0.62) (end 1 0.62) (layer F.Fab) (width 0.1))
    (fp_line (start 1 0.62) (end -1 0.62) (layer F.Fab) (width 0.1))
    (fp_line (start -1 0.62) (end -1 -0.62) (layer F.Fab) (width 0.1))
    (fp_text user %R (at 0 -1.5 180) (layer F.Fab)
      (effects (font (size 1 1) (thickness 0.15)))
    )
    (pad 2 smd rect (at 1 0 180) (size 1 1.25) (layers F.Cu F.Paste F.Mask)
      (net 1 GND))
    (pad 1 smd rect (at -1 0 180) (size 1 1.25) (layers F.Cu F.Paste F.Mask)
      (net 4 V_BAT_OUT))
    (model Capacitors_SMD.3dshapes/C_0805.wrl
      (at (xyz 0 0 0))
      (scale (xyz 1 1 1))
      (rotate (xyz 0 0 0))
    )
  )

  (module Capacitors_SMD:C_0603 (layer F.Cu) (tedit 59958EE7) (tstamp 5CA91C01)
    (at 169.291 71.616 90)
    (descr "Capacitor SMD 0603, reflow soldering, AVX (see smccp.pdf)")
    (tags "capacitor 0603")
    (path /5CAA4D36/5CAA4DD3)
    (attr smd)
    (fp_text reference C6 (at 2.425 0 90) (layer F.SilkS)
      (effects (font (size 1 1) (thickness 0.15)))
    )
    (fp_text value 10uF_6 (at 0 1.5 90) (layer F.Fab)
      (effects (font (size 1 1) (thickness 0.15)))
    )
    (fp_line (start 1.4 0.65) (end -1.4 0.65) (layer F.CrtYd) (width 0.05))
    (fp_line (start 1.4 0.65) (end 1.4 -0.65) (layer F.CrtYd) (width 0.05))
    (fp_line (start -1.4 -0.65) (end -1.4 0.65) (layer F.CrtYd) (width 0.05))
    (fp_line (start -1.4 -0.65) (end 1.4 -0.65) (layer F.CrtYd) (width 0.05))
    (fp_line (start 0.35 0.6) (end -0.35 0.6) (layer F.SilkS) (width 0.12))
    (fp_line (start -0.35 -0.6) (end 0.35 -0.6) (layer F.SilkS) (width 0.12))
    (fp_line (start -0.8 -0.4) (end 0.8 -0.4) (layer F.Fab) (width 0.1))
    (fp_line (start 0.8 -0.4) (end 0.8 0.4) (layer F.Fab) (width 0.1))
    (fp_line (start 0.8 0.4) (end -0.8 0.4) (layer F.Fab) (width 0.1))
    (fp_line (start -0.8 0.4) (end -0.8 -0.4) (layer F.Fab) (width 0.1))
    (fp_text user %R (at 0 0 90) (layer F.Fab)
      (effects (font (size 0.3 0.3) (thickness 0.075)))
    )
    (pad 2 smd rect (at 0.75 0 90) (size 0.8 0.75) (layers F.Cu F.Paste F.Mask)
      (net 1 GND))
    (pad 1 smd rect (at -0.75 0 90) (size 0.8 0.75) (layers F.Cu F.Paste F.Mask)
      (net 5 V_CHG_OUT))
    (model Capacitors_SMD.3dshapes/C_0603.wrl
      (at (xyz 0 0 0))
      (scale (xyz 1 1 1))
      (rotate (xyz 0 0 0))
    )
  )

  (module Capacitors_SMD:C_0603 (layer F.Cu) (tedit 59958EE7) (tstamp 5CA91C12)
    (at 180.455 69.723)
    (descr "Capacitor SMD 0603, reflow soldering, AVX (see smccp.pdf)")
    (tags "capacitor 0603")
    (path /5CAA4D36/5CAA4EF2)
    (attr smd)
    (fp_text reference C7 (at -2.528 0) (layer F.SilkS)
      (effects (font (size 1 1) (thickness 0.15)))
    )
    (fp_text value 10uF_6 (at 0 1.5) (layer F.Fab)
      (effects (font (size 1 1) (thickness 0.15)))
    )
    (fp_text user %R (at 0 0) (layer F.Fab)
      (effects (font (size 0.3 0.3) (thickness 0.075)))
    )
    (fp_line (start -0.8 0.4) (end -0.8 -0.4) (layer F.Fab) (width 0.1))
    (fp_line (start 0.8 0.4) (end -0.8 0.4) (layer F.Fab) (width 0.1))
    (fp_line (start 0.8 -0.4) (end 0.8 0.4) (layer F.Fab) (width 0.1))
    (fp_line (start -0.8 -0.4) (end 0.8 -0.4) (layer F.Fab) (width 0.1))
    (fp_line (start -0.35 -0.6) (end 0.35 -0.6) (layer F.SilkS) (width 0.12))
    (fp_line (start 0.35 0.6) (end -0.35 0.6) (layer F.SilkS) (width 0.12))
    (fp_line (start -1.4 -0.65) (end 1.4 -0.65) (layer F.CrtYd) (width 0.05))
    (fp_line (start -1.4 -0.65) (end -1.4 0.65) (layer F.CrtYd) (width 0.05))
    (fp_line (start 1.4 0.65) (end 1.4 -0.65) (layer F.CrtYd) (width 0.05))
    (fp_line (start 1.4 0.65) (end -1.4 0.65) (layer F.CrtYd) (width 0.05))
    (pad 1 smd rect (at -0.75 0) (size 0.8 0.75) (layers F.Cu F.Paste F.Mask)
      (net 6 PR_3V3_BB))
    (pad 2 smd rect (at 0.75 0) (size 0.8 0.75) (layers F.Cu F.Paste F.Mask)
      (net 1 GND))
    (model Capacitors_SMD.3dshapes/C_0603.wrl
      (at (xyz 0 0 0))
      (scale (xyz 1 1 1))
      (rotate (xyz 0 0 0))
    )
  )

  (module Capacitors_SMD:C_0805 (layer F.Cu) (tedit 58AA8463) (tstamp 5CA91C23)
    (at 165.354 71.1995 90)
    (descr "Capacitor SMD 0805, reflow soldering, AVX (see smccp.pdf)")
    (tags "capacitor 0805")
    (path /5CAA4D36/5CAA4E63)
    (attr smd)
    (fp_text reference C8 (at 2.81 0 90) (layer F.SilkS)
      (effects (font (size 1 1) (thickness 0.15)))
    )
    (fp_text value 10uF (at 0 1.75 90) (layer F.Fab)
      (effects (font (size 1 1) (thickness 0.15)))
    )
    (fp_line (start 1.75 0.87) (end -1.75 0.87) (layer F.CrtYd) (width 0.05))
    (fp_line (start 1.75 0.87) (end 1.75 -0.88) (layer F.CrtYd) (width 0.05))
    (fp_line (start -1.75 -0.88) (end -1.75 0.87) (layer F.CrtYd) (width 0.05))
    (fp_line (start -1.75 -0.88) (end 1.75 -0.88) (layer F.CrtYd) (width 0.05))
    (fp_line (start -0.5 0.85) (end 0.5 0.85) (layer F.SilkS) (width 0.12))
    (fp_line (start 0.5 -0.85) (end -0.5 -0.85) (layer F.SilkS) (width 0.12))
    (fp_line (start -1 -0.62) (end 1 -0.62) (layer F.Fab) (width 0.1))
    (fp_line (start 1 -0.62) (end 1 0.62) (layer F.Fab) (width 0.1))
    (fp_line (start 1 0.62) (end -1 0.62) (layer F.Fab) (width 0.1))
    (fp_line (start -1 0.62) (end -1 -0.62) (layer F.Fab) (width 0.1))
    (fp_text user %R (at 0 -1.5 90) (layer F.Fab)
      (effects (font (size 1 1) (thickness 0.15)))
    )
    (pad 2 smd rect (at 1 0 90) (size 1 1.25) (layers F.Cu F.Paste F.Mask)
      (net 1 GND))
    (pad 1 smd rect (at -1 0 90) (size 1 1.25) (layers F.Cu F.Paste F.Mask)
      (net 5 V_CHG_OUT))
    (model Capacitors_SMD.3dshapes/C_0805.wrl
      (at (xyz 0 0 0))
      (scale (xyz 1 1 1))
      (rotate (xyz 0 0 0))
    )
  )

  (module Capacitors_SMD:C_0805 (layer F.Cu) (tedit 58AA8463) (tstamp 5CA91C34)
    (at 180.705 71.501)
    (descr "Capacitor SMD 0805, reflow soldering, AVX (see smccp.pdf)")
    (tags "capacitor 0805")
    (path /5CAA4D36/5CAA4F4C)
    (attr smd)
    (fp_text reference C9 (at -2.905 0) (layer F.SilkS)
      (effects (font (size 1 1) (thickness 0.15)))
    )
    (fp_text value 22uF (at 0 1.75) (layer F.Fab)
      (effects (font (size 1 1) (thickness 0.15)))
    )
    (fp_text user %R (at 0 -1.5) (layer F.Fab)
      (effects (font (size 1 1) (thickness 0.15)))
    )
    (fp_line (start -1 0.62) (end -1 -0.62) (layer F.Fab) (width 0.1))
    (fp_line (start 1 0.62) (end -1 0.62) (layer F.Fab) (width 0.1))
    (fp_line (start 1 -0.62) (end 1 0.62) (layer F.Fab) (width 0.1))
    (fp_line (start -1 -0.62) (end 1 -0.62) (layer F.Fab) (width 0.1))
    (fp_line (start 0.5 -0.85) (end -0.5 -0.85) (layer F.SilkS) (width 0.12))
    (fp_line (start -0.5 0.85) (end 0.5 0.85) (layer F.SilkS) (width 0.12))
    (fp_line (start -1.75 -0.88) (end 1.75 -0.88) (layer F.CrtYd) (width 0.05))
    (fp_line (start -1.75 -0.88) (end -1.75 0.87) (layer F.CrtYd) (width 0.05))
    (fp_line (start 1.75 0.87) (end 1.75 -0.88) (layer F.CrtYd) (width 0.05))
    (fp_line (start 1.75 0.87) (end -1.75 0.87) (layer F.CrtYd) (width 0.05))
    (pad 1 smd rect (at -1 0) (size 1 1.25) (layers F.Cu F.Paste F.Mask)
      (net 6 PR_3V3_BB))
    (pad 2 smd rect (at 1 0) (size 1 1.25) (layers F.Cu F.Paste F.Mask)
      (net 1 GND))
    (model Capacitors_SMD.3dshapes/C_0805.wrl
      (at (xyz 0 0 0))
      (scale (xyz 1 1 1))
      (rotate (xyz 0 0 0))
    )
  )

  (module Capacitors_SMD:C_0805 (layer F.Cu) (tedit 58AA8463) (tstamp 5CA91C45)
    (at 167.513 71.231 90)
    (descr "Capacitor SMD 0805, reflow soldering, AVX (see smccp.pdf)")
    (tags "capacitor 0805")
    (path /5CAA4D36/5CAA4EBE)
    (attr smd)
    (fp_text reference C10 (at 3.318 0 90) (layer F.SilkS)
      (effects (font (size 1 1) (thickness 0.15)))
    )
    (fp_text value 10uF (at 2.905 2.159 90) (layer F.Fab)
      (effects (font (size 1 1) (thickness 0.15)))
    )
    (fp_line (start 1.75 0.87) (end -1.75 0.87) (layer F.CrtYd) (width 0.05))
    (fp_line (start 1.75 0.87) (end 1.75 -0.88) (layer F.CrtYd) (width 0.05))
    (fp_line (start -1.75 -0.88) (end -1.75 0.87) (layer F.CrtYd) (width 0.05))
    (fp_line (start -1.75 -0.88) (end 1.75 -0.88) (layer F.CrtYd) (width 0.05))
    (fp_line (start -0.5 0.85) (end 0.5 0.85) (layer F.SilkS) (width 0.12))
    (fp_line (start 0.5 -0.85) (end -0.5 -0.85) (layer F.SilkS) (width 0.12))
    (fp_line (start -1 -0.62) (end 1 -0.62) (layer F.Fab) (width 0.1))
    (fp_line (start 1 -0.62) (end 1 0.62) (layer F.Fab) (width 0.1))
    (fp_line (start 1 0.62) (end -1 0.62) (layer F.Fab) (width 0.1))
    (fp_line (start -1 0.62) (end -1 -0.62) (layer F.Fab) (width 0.1))
    (fp_text user %R (at 0 -1.5 90) (layer F.Fab)
      (effects (font (size 1 1) (thickness 0.15)))
    )
    (pad 2 smd rect (at 1 0 90) (size 1 1.25) (layers F.Cu F.Paste F.Mask)
      (net 1 GND))
    (pad 1 smd rect (at -1 0 90) (size 1 1.25) (layers F.Cu F.Paste F.Mask)
      (net 5 V_CHG_OUT))
    (model Capacitors_SMD.3dshapes/C_0805.wrl
      (at (xyz 0 0 0))
      (scale (xyz 1 1 1))
      (rotate (xyz 0 0 0))
    )
  )

  (module Capacitors_SMD:C_0805 (layer F.Cu) (tedit 58AA8463) (tstamp 5CA91C56)
    (at 180.705 73.533)
    (descr "Capacitor SMD 0805, reflow soldering, AVX (see smccp.pdf)")
    (tags "capacitor 0805")
    (path /5CAA4D36/5CAA4FA4)
    (attr smd)
    (fp_text reference C11 (at -3.286 0) (layer F.SilkS)
      (effects (font (size 1 1) (thickness 0.15)))
    )
    (fp_text value 22uF (at 3.826 0) (layer F.Fab)
      (effects (font (size 1 1) (thickness 0.15)))
    )
    (fp_line (start 1.75 0.87) (end -1.75 0.87) (layer F.CrtYd) (width 0.05))
    (fp_line (start 1.75 0.87) (end 1.75 -0.88) (layer F.CrtYd) (width 0.05))
    (fp_line (start -1.75 -0.88) (end -1.75 0.87) (layer F.CrtYd) (width 0.05))
    (fp_line (start -1.75 -0.88) (end 1.75 -0.88) (layer F.CrtYd) (width 0.05))
    (fp_line (start -0.5 0.85) (end 0.5 0.85) (layer F.SilkS) (width 0.12))
    (fp_line (start 0.5 -0.85) (end -0.5 -0.85) (layer F.SilkS) (width 0.12))
    (fp_line (start -1 -0.62) (end 1 -0.62) (layer F.Fab) (width 0.1))
    (fp_line (start 1 -0.62) (end 1 0.62) (layer F.Fab) (width 0.1))
    (fp_line (start 1 0.62) (end -1 0.62) (layer F.Fab) (width 0.1))
    (fp_line (start -1 0.62) (end -1 -0.62) (layer F.Fab) (width 0.1))
    (fp_text user %R (at 3.445 0) (layer F.Fab)
      (effects (font (size 1 1) (thickness 0.15)))
    )
    (pad 2 smd rect (at 1 0) (size 1 1.25) (layers F.Cu F.Paste F.Mask)
      (net 1 GND))
    (pad 1 smd rect (at -1 0) (size 1 1.25) (layers F.Cu F.Paste F.Mask)
      (net 6 PR_3V3_BB))
    (model Capacitors_SMD.3dshapes/C_0805.wrl
